DCLEVEL 2 40 47
structure
########################################
######.............................#####
######.###########.#########.###########
######.###########.#########.###########
######.######............###.###########
######.################.####.###########
######.################.####.###########
##...........##########.##............##
############.##########.############.###
############.##.........############.###
############.##..........###########.###
############.#######################.###
############.#######################.###
##................###.................##
######################.#################
######################.#################
######################.#################
######################.#################
####................................####
####................................####
####................................####
####..........................##########
####..........................##########
####....~~~~~~~~~~~~~~~~~~~~........####
####.#####================##############
####.#######============################
####.###################################
####..................................##
####.###################################
##....................................##
##########.#########################.###
##########.#########################.###
##########.....................#####.###
####################################.###
######...............................###
##............~~~~~~~~~~~.............##
########.######=========##########.#####
########.#########################.#####
########.##################...........##
########.###############################
########.###############################
##....................................##
####.#########.#####.##############.####
####.##############################.####
####..................~~~~~~~~~.......##
########################################
########################################
objects 153
4 2 6 0 0
12 2 4 9 0
16 2 4 17 0
26 2 4 15 0
35 2 6 0 0
4 3 6 0 0
35 3 6 0 0
4 4 6 0 0
14 4 3 0 0
20 4 3 0 0
35 4 6 0 0
2 5 2 3 0
4 5 6 0 0
8 5 6 0 0
10 5 5 0 0
17 5 4 13 0
24 5 13 0 0
33 5 4 4 0
35 5 6 0 0
36 5 11 4 0
37 5 2 2 0
8 6 6 0 0
8 7 6 0 0
8 8 6 0 0
27 8 12 4 0
31 8 4 17 0
34 8 6 0 0
8 9 6 0 0
34 9 6 0 0
8 10 6 0 0
34 10 6 0 0
2 11 8 1 1
8 11 6 0 0
10 11 4 4 0
18 11 4 15 0
28 11 4 17 0
34 11 6 0 0
36 11 6 0 0
37 11 8 3 3
36 12 6 0 0
36 13 6 0 0
10 14 6 0 0
18 14 4 13 0
24 14 5 0 0
36 14 6 0 0
10 15 6 0 0
36 15 6 0 0
10 16 6 0 0
36 16 6 0 0
2 17 8 3 7
4 17 6 0 0
6 17 11 3 0
10 17 6 0 0
12 17 13 0 0
16 17 13 0 0
19 17 5 0 0
22 17 4 17 0
28 17 4 13 0
36 17 6 0 0
4 18 6 0 0
4 19 6 0 0
12 19 13 0 0
18 19 13 0 0
24 19 4 8 0
30 19 13 0 0
37 19 8 3 1
4 20 6 0 0
4 21 6 0 0
4 22 6 0 0
4 23 6 0 0
6 23 11 2 0
13 23 4 15 0
20 23 4 17 0
22 23 6 0 0
25 23 4 15 0
29 23 6 0 0
34 23 8 3 2
22 24 6 0 0
29 24 6 0 0
22 25 6 0 0
29 25 6 0 0
22 26 6 0 0
29 26 6 0 0
32 26 4 13 0
35 26 10 3 0
22 27 6 0 0
22 28 6 0 0
22 29 6 0 0
22 30 6 0 0
22 31 6 0 0
22 32 6 0 0
2 33 12 2 0
4 33 8 1 1
9 33 4 4 0
12 33 6 0 0
14 33 5 0 0
17 33 8 3 1
22 33 6 0 0
26 33 4 8 0
30 33 4 17 0
36 33 6 0 0
37 33 8 3 7
12 34 6 0 0
36 34 6 0 0
12 35 6 0 0
36 35 6 0 0
12 36 6 0 0
15 36 8 1 5
17 36 4 17 0
19 36 4 17 0
23 36 6 0 0
36 36 6 0 0
12 37 6 0 0
23 37 6 0 0
36 37 6 0 0
12 38 6 0 0
23 38 6 0 0
36 38 6 0 0
2 39 10 1 0
6 39 6 0 0
9 39 4 17 0
12 39 6 0 0
23 39 6 0 0
28 39 6 0 0
31 39 11 1 0
34 39 4 13 0
36 39 6 0 0
6 40 6 0 0
23 40 6 0 0
28 40 6 0 0
6 41 6 0 0
23 41 6 0 0
28 41 6 0 0
6 42 6 0 0
13 42 8 3 4
15 42 2 3 0
18 42 6 0 0
23 42 6 0 0
28 42 6 0 0
6 43 6 0 0
18 43 6 0 0
28 43 6 0 0
6 44 6 0 0
18 44 6 0 0
28 44 6 0 0
6 45 6 0 0
11 45 4 17 0
16 45 13 0 0
18 45 6 0 0
20 45 2 1 0
25 45 4 8 0
28 45 6 0 0
34 45 8 3 5
