DCLEVEL 2 40 47
structure
########################################
########################################
########################################
########################################
########################################
########################################
########################################
########################################
########################################
########################################
########################################
########################################
########################################
########################################
########################################
########################################
########################################
########################################
########################################
########################################
########################################
########################################
########################################
########################################
########################################
########################################
#..............................#########
#####################.########.#########
##############################.#########
####..................................##
########.###############################
########.###############################
########.............................###
####################.#####.#######.#####
####################.#####.#######.#####
#####.......................######.#####
##################################.#####
##################################.#####
##########.........................#####
##################.#####################
########################################
########################################
########################################
########################################
########################################
########################################
########################################
objects 49
18 7 3 0 0
10 8 2 2 0
12 8 8 3 2
22 8 4 4 0
26 8 4 6 0
30 8 13 0 0
34 8 6 0 0
34 9 6 0 0
34 10 6 0 0
5 11 12 4 0
7 11 8 3 5
9 11 4 10 0
13 11 4 8 0
16 11 13 0 0
23 11 4 10 0
26 11 6 0 0
34 11 6 0 0
26 12 6 0 0
34 12 6 0 0
26 13 6 0 0
34 13 6 0 0
8 14 6 0 0
11 14 4 6 0
16 14 13 0 0
23 14 4 8 0
26 14 6 0 0
30 14 11 4 0
32 14 4 13 0
34 14 6 0 0
8 15 6 0 0
8 16 6 0 0
4 17 8 3 1
7 17 8 2 0
8 17 6 0 0
19 17 13 0 0
22 17 4 10 0
27 17 11 2 0
30 17 6 0 0
34 17 4 6 0
37 17 10 2 0
30 18 6 0 0
21 19 3 0 0
30 19 6 0 0
1 20 2 1 0
7 20 13 0 0
10 20 4 10 0
18 20 4 8 0
24 20 13 0 0
30 20 6 0 0
