DCLEVEL 2 40 47
structure
########################################
###....................................#
#####.##################################
#####.##################################
####...............................#####
##########.#################.###########
##########.#################.###########
##########.#################.#........##
##########.#################.###.#######
##########.#################.###.#######
####................................####
###################################.####
##....................................##
##....................................##
##......~~~~~~~~~~~~~~~~~~~~~~~.......##
#####.######===============#############
#####.##################################
#####.##################################
#####.##################################
##....................................##
######################.####.########.###
######################.####.########.###
###############..............#######.###
####################################.###
########.......................#####.###
#......................................#
###.####################################
###.####################################
###..................###################
###.####################################
###.####################################
###...........~~~~~~~~~...............##
#####################################.##
#####################################.##
#####################################.##
##########............................##
##########............................##
##.....................................#
#####.######.############.##############
#####.######.###########################
#####.######.###########################
#####.######.###########################
#####.######.###########################
#####.######.###########################
#####.............~~~~~~~............###
########################################
########################################
objects 123
5 2 6 0 0
6 2 8 3 6
12 2 6 0 0
21 2 4 15 0
32 2 5 0 0
36 2 2 2 0
5 3 6 0 0
12 3 6 0 0
5 4 6 0 0
12 4 6 0 0
5 5 6 0 0
12 5 6 0 0
5 6 6 0 0
12 6 6 0 0
5 7 6 0 0
12 7 6 0 0
5 8 6 0 0
12 8 6 0 0
25 8 3 0 0
2 9 8 1 4
5 9 6 0 0
12 9 6 0 0
16 9 4 13 0
20 9 4 4 0
30 9 4 17 0
35 9 11 4 0
37 9 6 0 0
37 10 6 0 0
37 11 6 0 0
37 12 6 0 0
37 13 6 0 0
37 14 6 0 0
3 15 6 0 0
18 15 4 15 0
28 15 4 17 0
33 15 2 3 0
37 15 6 0 0
3 16 6 0 0
3 17 6 0 0
3 18 6 0 0
10 18 5 0 0
15 18 4 8 0
19 18 8 1 1
20 18 12 4 0
3 19 6 0 0
3 20 6 0 0
3 21 6 0 0
6 21 11 3 0
14 21 4 8 0
22 21 4 13 0
28 21 4 17 0
36 21 6 0 0
38 21 8 3 3
36 22 6 0 0
36 23 6 0 0
15 24 10 3 0
19 24 4 13 0
27 24 6 0 0
36 24 6 0 0
27 25 6 0 0
36 25 6 0 0
27 26 6 0 0
36 26 6 0 0
2 27 8 3 5
5 27 6 0 0
10 27 13 0 0
14 27 13 0 0
18 27 13 0 0
24 27 4 8 0
27 27 6 0 0
30 27 11 2 0
33 27 4 17 0
36 27 6 0 0
5 28 6 0 0
5 29 6 0 0
5 30 6 0 0
5 31 6 0 0
2 32 12 2 0
5 32 6 0 0
15 32 4 15 0
24 32 4 15 0
30 32 4 17 0
35 32 6 0 0
37 32 8 3 2
35 33 6 0 0
35 34 6 0 0
35 35 6 0 0
4 36 10 1 0
10 36 6 0 0
18 36 4 4 0
24 36 4 17 0
28 36 6 0 0
32 36 6 0 0
33 36 11 1 0
35 36 6 0 0
10 37 6 0 0
28 37 6 0 0
32 37 6 0 0
10 38 6 0 0
28 38 6 0 0
32 38 6 0 0
10 39 6 0 0
28 39 6 0 0
32 39 6 0 0
34 39 2 3 0
37 39 8 3 4
10 40 6 0 0
28 40 6 0 0
10 41 6 0 0
28 41 6 0 0
5 42 6 0 0
10 42 6 0 0
16 42 4 13 0
22 42 4 17 0
28 42 6 0 0
34 42 8 3 1
5 43 6 0 0
5 44 6 0 0
3 45 8 3 7
5 45 6 0 0
25 45 13 0 0
30 45 4 17 0
38 45 2 1 0
