DCLEVEL 2 40 47
structure
########################################
########################################
########################################
########################################
########################################
########################################
########################################
########################################
########################################
########################################
########################################
########################################
########################################
########################################
########################################
########################################
########################################
########################################
########################################
########################################
########################################
########################################
########################################
########################################
########################################
########################################
########################################
########################################
########################################
########################################
########################################
########################################
########################################
########################################
########################################
########################################
########################################
########################################
#..................#########.......#####
##########.#######.###############.#####
##################.....................#
##################.#####################
#..................#####################
##########.#############################
##########........................######
########################################
########################################
objects 25
10 2 6 0 0
18 2 4 5 0
25 2 5 0 0
33 2 2 2 0
10 3 6 0 0
1 4 8 3 0
4 4 4 5 0
10 4 6 0 0
18 4 6 0 0
18 5 6 0 0
18 6 6 0 0
24 6 4 1 0
28 6 5 0 0
34 6 6 0 0
37 6 8 3 0
10 7 3 0 0
18 7 6 0 0
34 7 6 0 0
1 8 2 1 0
5 8 4 5 0
10 8 5 0 0
18 8 6 0 0
28 8 8 3 1
32 8 4 5 0
34 8 6 0 0
