DCLEVEL 2 40 47
structure
########################################
########################################
########################################
########################################
########################################
########################################
########################################
########################################
########################################
########################################
########################################
########################################
########################################
########################################
########################################
########################################
########################################
########################################
########################################
########################################
########################################
########################################
########################################
########################################
#....................###################
####################.###################
####################.###################
###..................................###
###############################.########
###############################.########
####.................................###
################.###########.###########
################.#######################
###................................#####
##################################.#####
##################################.#####
########...........................#####
##################.#####################
########################################
########################################
########################################
########################################
########################################
########################################
########################################
########################################
########################################
objects 44
18 9 3 0 0
8 10 2 2 0
12 10 4 3 0
24 10 4 8 0
30 10 4 10 0
34 10 6 0 0
34 11 6 0 0
34 12 6 0 0
3 13 8 3 4
5 13 2 3 0
9 13 4 13 0
16 13 6 0 0
22 13 11 4 0
26 13 4 8 0
29 13 13 0 0
34 13 6 0 0
16 14 6 0 0
16 15 6 0 0
28 15 3 0 0
4 16 10 4 0
9 16 4 13 0
16 16 6 0 0
26 16 11 3 0
31 16 6 0 0
34 16 8 3 3
36 16 8 2 4
31 17 6 0 0
31 18 6 0 0
3 19 10 1 0
8 19 4 8 0
14 19 4 3 0
20 19 6 0 0
24 19 11 1 0
28 19 4 3 0
31 19 6 0 0
33 19 4 13 0
36 19 12 3 0
20 20 6 0 0
20 21 6 0 0
1 22 2 1 0
3 22 8 3 7
6 22 4 8 0
13 22 5 0 0
20 22 6 0 0
