DCLEVEL 2 40 47
structure
########################################
#.....................................##
####################################.###
####################################.###
#####.................................##
#######.####################.###########
##...........###########################
##.............................#########
##############################.#########
##############################.#########
########..............................##
#########.####.#########################
#########.##############################
###..................................###
###################################.####
###########..........................###
###..........~~~~~~~~~~~~~~~~~~......###
####.########==================#########
####.###################################
####...............................#####
##########.#####################.#######
##########.#####################.#######
##....................................##
#####.##################################
#####.##################################
####.................................###
####################################.###
####################################.###
######................................##
########.###########.##########.########
########.###########.###################
###...................................##
##################################.#####
##################################.#####
##########............................##
###########.############################
###########.############################
##...................................###
###################################.####
###################################.####
####.................................###
#####.##############.###.###.###########
#####.##################################
##....................................##
########################################
########################################
########################################
objects 127
2 3 8 3 6
5 3 6 0 0
15 3 4 13 0
20 3 5 0 0
26 3 4 4 0
32 3 4 17 0
37 3 2 2 0
5 4 6 0 0
5 5 6 0 0
20 5 3 0 0
24 5 3 0 0
28 5 3 0 0
5 6 6 0 0
14 6 4 8 0
31 6 2 3 0
35 6 6 0 0
35 7 6 0 0
35 8 6 0 0
2 9 8 1 1
11 9 6 0 0
20 9 11 4 0
27 9 4 17 0
35 9 6 0 0
11 10 6 0 0
11 11 6 0 0
11 12 6 0 0
15 12 4 8 0
20 12 13 0 0
26 12 5 0 0
30 12 4 13 0
34 12 6 0 0
37 12 12 4 0
34 13 6 0 0
34 14 6 0 0
3 15 8 1 2
4 15 4 3 0
8 15 6 0 0
13 15 13 0 0
20 15 6 0 0
27 15 4 4 0
34 15 6 0 0
8 16 6 0 0
20 16 6 0 0
8 17 6 0 0
20 17 6 0 0
31 17 3 0 0
8 18 6 0 0
14 18 13 0 0
20 18 6 0 0
26 18 4 17 0
36 18 6 0 0
37 18 8 3 4
36 19 6 0 0
36 20 6 0 0
5 21 6 0 0
14 21 4 8 0
22 21 4 13 0
30 21 11 3 0
36 21 6 0 0
5 22 6 0 0
5 23 6 0 0
2 24 10 3 0
3 24 4 13 0
5 24 6 0 0
8 24 13 0 0
10 24 6 0 0
18 24 5 0 0
25 24 4 17 0
37 24 4 9 0
10 25 6 0 0
10 26 6 0 0
4 27 6 0 0
10 27 6 0 0
14 27 4 4 0
21 27 2 3 0
34 27 8 3 3
4 28 6 0 0
4 29 6 0 0
4 30 6 0 0
8 30 11 2 0
17 30 4 15 0
26 30 4 15 0
35 30 6 0 0
35 31 6 0 0
35 32 6 0 0
3 33 12 2 0
6 33 4 17 0
9 33 6 0 0
16 33 5 0 0
20 33 4 8 0
27 33 13 0 0
35 33 6 0 0
9 34 6 0 0
9 35 6 0 0
14 35 3 0 0
9 36 6 0 0
18 36 4 4 0
26 36 11 1 0
30 36 6 0 0
36 36 4 9 0
37 36 8 3 2
30 37 6 0 0
30 38 6 0 0
2 39 10 1 0
3 39 8 3 7
7 39 6 0 0
17 39 13 0 0
23 39 4 17 0
30 39 6 0 0
6 40 5 0 0
7 40 6 0 0
7 41 6 0 0
28 41 3 0 0
5 42 8 3 1
7 42 6 0 0
14 42 4 13 0
36 42 6 0 0
37 42 8 3 5
36 43 6 0 0
36 44 6 0 0
2 45 2 1 0
11 45 4 17 0
14 45 5 0 0
18 45 4 4 0
24 45 13 0 0
31 45 13 0 0
36 45 6 0 0
