DCLEVEL 2 40 47
structure
########################################
########################################
########################################
########################################
########################################
########################################
########################################
########################################
########################################
########################################
########################################
########################################
########################################
########################################
########################################
########################################
########################################
########################################
########################################
########################################
########################################
########################################
########################################
########################################
########################################
########################################
########################################
########################################
########################################
########################################
#.............##########################
#############.##########################
#############.##########################
#...................................####
####################.###.##########.####
####################.###.##########.####
####..............................#.####
###################################.####
###################################.####
##################..................####
#############################.##########
########################################
########################################
########################################
########################################
########################################
########################################
objects 39
29 6 3 0 0
18 7 2 2 0
19 7 8 3 1
22 7 8 2 0
24 7 4 13 0
32 7 13 0 0
35 7 6 0 0
35 8 6 0 0
35 9 6 0 0
4 10 2 3 0
7 10 8 3 5
10 10 8 1 0
12 10 4 8 0
17 10 4 10 0
20 10 6 0 0
25 10 4 13 0
29 10 4 8 0
33 10 12 2 0
35 10 6 0 0
20 11 6 0 0
35 11 6 0 0
20 12 6 0 0
35 12 6 0 0
1 13 12 1 0
5 13 4 8 0
9 13 4 6 0
11 13 4 10 0
13 13 6 0 0
20 13 6 0 0
26 13 4 6 0
28 13 11 1 0
31 13 11 2 0
35 13 6 0 0
13 14 6 0 0
13 15 6 0 0
1 16 2 1 0
4 16 4 6 0
8 16 4 8 0
13 16 6 0 0
