DCLEVEL 2 40 47
structure
########################################
##########.....................#########
##########.#############################
####.................................###
#####.############.#####################
#####.##################################
#####.##################################
#####.####.....................#########
##....................................##
##########################.#############
##########################.#############
##########.................#############
##########################.#############
##########################.#############
##....................................##
####.#########################.#########
####.#########################.#########
####.#########################.#########
###..................................###
###..................................###
###.....~~~~~~~~~~~~~~~~~~~~~~~......###
##########===================######.####
############===============########.####
###################################.####
###################################.####
###################################.####
####................................####
########.###########.###########.#######
########.###########.###########.#######
########.#...................###.#######
########.#######################.#######
########.#######################.#######
####...............................#####
######.#################################
######.#################################
##.............#######...........#######
######.#################.###############
######.#################.###############
###...................................##
#################################.##.###
#################################.##.###
##############.....................#.###
####################################.###
######.........................#####.###
#.............~~~~~~~..................#
########################################
########################################
objects 135
2 2 2 1 0
10 2 4 17 0
17 2 4 15 0
26 2 4 13 0
33 2 13 0 0
36 2 6 0 0
38 2 8 3 7
36 3 6 0 0
36 4 6 0 0
14 5 8 3 1
22 5 12 1 0
27 5 4 4 0
33 5 6 0 0
34 5 8 3 2
36 5 6 0 0
33 6 6 0 0
36 6 6 0 0
33 7 6 0 0
36 7 6 0 0
3 8 8 3 5
6 8 6 0 0
10 8 4 4 0
18 8 11 2 0
20 8 11 1 0
24 8 6 0 0
25 8 5 0 0
30 8 4 17 0
33 8 6 0 0
36 8 6 0 0
6 9 6 0 0
24 9 6 0 0
6 10 6 0 0
24 10 6 0 0
2 11 8 3 3
6 11 6 0 0
9 11 4 13 0
12 11 13 0 0
24 11 6 0 0
27 11 4 13 0
32 11 12 2 0
6 12 6 0 0
6 13 6 0 0
4 14 8 3 7
6 14 6 0 0
8 14 6 0 0
14 14 13 0 0
20 14 4 4 0
26 14 4 17 0
32 14 6 0 0
34 14 8 1 1
8 15 6 0 0
32 15 6 0 0
8 16 6 0 0
32 16 6 0 0
8 17 6 0 0
10 17 10 3 0
20 17 6 0 0
25 17 4 17 0
26 17 8 3 3
32 17 6 0 0
8 18 6 0 0
20 18 6 0 0
32 18 6 0 0
8 19 6 0 0
20 19 6 0 0
32 19 6 0 0
8 20 6 0 0
12 20 13 0 0
16 20 13 0 0
20 20 6 0 0
24 20 13 0 0
28 20 4 17 0
32 20 6 0 0
33 20 11 3 0
35 20 6 0 0
35 21 6 0 0
35 22 6 0 0
35 23 6 0 0
35 24 6 0 0
35 25 6 0 0
3 26 8 3 1
4 26 6 0 0
6 26 2 3 0
12 26 4 15 0
16 26 4 8 0
22 26 4 15 0
28 26 4 17 0
35 26 6 0 0
4 27 6 0 0
4 28 6 0 0
4 29 6 0 0
4 30 6 0 0
4 31 6 0 0
2 32 8 3 4
4 32 6 0 0
10 32 4 13 0
14 32 5 0 0
18 32 4 17 0
22 32 13 0 0
26 32 6 0 0
33 32 4 4 0
37 32 10 4 0
26 33 6 0 0
26 34 6 0 0
10 35 8 2 0
13 35 5 0 0
16 35 4 17 0
26 35 6 0 0
26 36 6 0 0
26 37 6 0 0
5 38 6 0 0
12 38 5 0 0
15 38 4 8 0
20 38 11 4 0
24 38 4 13 0
26 38 6 0 0
30 38 4 17 0
37 38 8 3 6
5 39 6 0 0
5 40 6 0 0
5 41 6 0 0
5 42 6 0 0
18 42 3 0 0
5 43 6 0 0
10 43 6 0 0
12 43 4 17 0
24 43 4 4 0
27 43 5 0 0
30 43 2 3 0
36 43 2 2 0
10 44 6 0 0
10 45 6 0 0
20 45 4 9 0
25 45 8 3 3
30 45 8 1 2
