DCLEVEL 2 40 47
structure
########################################
########################################
########################################
########################################
########################################
########################################
########################################
########################################
########################################
########################################
########################################
########################################
########################################
########################################
########################################
########################################
########################################
########################################
#..........................#############
##########################.#############
##########################.#############
##....................................##
##################################.#####
##################################.#####
#####.................................##
################.##############.########
################.#######################
######...............................###
###################################.####
###################################.####
####.................................###
##############.###############.#########
##############.#########################
######...............................###
#############################.##########
#####.......................############
########################################
########################################
########################################
########################################
########################################
########################################
########################################
########################################
########################################
########################################
########################################
objects 67
5 11 2 5 1
13 11 4 14 0
21 11 11 5 0
23 11 8 3 0
25 11 9 0 0
27 11 8 3 6
29 12 3 0 0
6 13 8 3 4
9 13 4 13 0
14 13 6 0 0
20 13 11 4 0
23 13 4 8 0
26 13 13 0 0
32 13 4 4 0
34 13 2 3 0
36 13 2 5 1
14 14 6 0 0
14 15 6 0 0
30 15 3 0 0
4 16 12 4 0
5 16 8 3 2
9 16 4 4 0
14 16 6 0 0
20 16 4 6 0
24 16 11 3 0
35 16 6 0 0
35 17 6 0 0
35 18 6 0 0
6 19 10 3 0
8 19 2 3 0
10 19 4 8 0
16 19 6 0 0
22 19 11 2 0
25 19 4 13 0
28 19 13 0 0
31 19 4 10 0
35 19 6 0 0
16 20 6 0 0
16 21 6 0 0
31 21 3 0 0
5 22 12 2 0
8 22 4 3 0
16 22 6 0 0
22 22 4 4 0
28 22 11 1 0
34 22 6 0 0
37 22 8 3 3
34 23 6 0 0
34 24 6 0 0
2 25 10 1 0
3 25 8 3 1
6 25 8 1 1
7 25 4 6 0
17 25 13 0 0
21 25 4 8 0
26 25 6 0 0
30 25 4 8 0
34 25 6 0 0
37 25 2 3 0
26 26 6 0 0
26 27 6 0 0
1 28 2 1 0
4 28 2 3 0
8 28 4 6 0
18 28 5 0 0
21 28 4 6 0
26 28 6 0 0
