DCLEVEL 2 40 47
structure
########################################
########################################
########################################
########################################
########################################
########################################
########################################
########################################
########################################
########################################
########################################
########################################
########################################
########################################
########################################
########################################
########################################
########################################
########################################
########################################
#........................###############
########################.###############
########################.###############
##....................................##
###################################.####
###################################.####
######................................##
############.###########.###############
############.###########################
####.................................###
##################################.#####
##################################.#####
##########...........................###
############.######.####################
############.###########################
###..............................#######
########################################
########################################
########################################
########################################
########################################
########################################
########################################
########################################
########################################
########################################
########################################
objects 47
3 11 8 3 4
6 11 4 4 0
16 11 4 6 0
23 11 4 8 0
27 11 4 10 0
32 11 2 2 0
19 13 3 0 0
13 14 4 13 0
16 14 2 3 0
22 14 4 4 0
28 14 11 3 0
34 14 6 0 0
36 14 8 3 6
34 15 6 0 0
34 16 6 0 0
4 17 10 3 0
7 17 4 3 0
12 17 6 0 0
18 17 11 2 0
21 17 4 10 0
24 17 4 13 0
28 17 13 0 0
34 17 6 0 0
12 18 6 0 0
12 19 6 0 0
24 19 3 0 0
6 20 12 2 0
12 20 6 0 0
16 20 4 8 0
28 20 4 8 0
37 20 8 1 4
2 23 10 1 0
3 23 2 3 0
8 23 4 10 0
19 23 13 0 0
24 23 6 0 0
28 23 11 1 0
31 23 4 8 0
24 24 6 0 0
24 25 6 0 0
1 26 2 1 0
3 26 8 3 7
6 26 4 6 0
12 26 4 6 0
17 26 5 0 0
20 26 4 10 0
24 26 6 0 0
