DCLEVEL 2 40 47
structure
########################################
#......................................#
#############.#######################.##
#####################################.##
#......................................#
##.#################.###################
##.#####################################
#......................................#
######################.#############.###
####################...........#####.###
#......................................#
###.####################################
###.####################################
#......................................#
#######.###########.####################
###################.####################
#......................................#
###################.####################
###################.####################
#......................................#
###############.###.####################
###################.####################
#......................................#
###################.#############.######
###################.####################
#......................................#
###################.####################
###################.####################
#......................................#
#####################################.##
#####################################.##
#......................................#
##.#########.#######.###################
##.#####################################
#......................................#
######.#############.###################
####.............###.###################
#......................................#
###.####################################
###.####################################
#......................................#
########################.############.##
#####################################.##
#......................................#
###############.########################
########################################
########################################
objects 140
15 2 3 0 0
2 3 2 2 0
10 3 11 4 0
20 3 4 4 0
28 3 13 0 0
33 3 5 0 0
37 3 6 0 0
38 3 8 3 4
37 4 6 0 0
24 5 3 0 0
37 5 6 0 0
3 6 6 0 0
12 6 4 4 0
18 6 13 0 0
19 6 13 0 0
30 6 4 18 0
37 6 6 0 0
38 6 8 3 7
3 7 6 0 0
3 8 6 0 0
1 9 8 3 1
3 9 6 0 0
6 9 4 13 0
10 9 4 13 0
14 9 4 13 0
20 9 6 0 0
38 9 8 3 3
20 10 6 0 0
6 11 3 0 0
20 11 6 0 0
1 12 8 3 6
2 12 6 0 0
10 12 4 4 0
14 12 13 0 0
15 12 13 0 0
20 12 6 0 0
28 12 4 18 0
38 12 12 4 0
2 13 6 0 0
2 14 6 0 0
12 14 3 0 0
20 14 3 0 0
2 15 6 0 0
25 15 13 0 0
26 15 13 0 0
30 15 4 10 0
37 15 6 0 0
38 15 8 3 2
37 16 6 0 0
37 17 6 0 0
1 18 8 1 6
19 18 6 0 0
21 18 11 3 0
27 18 4 4 0
31 18 13 0 0
37 18 6 0 0
19 19 6 0 0
19 20 6 0 0
1 21 10 3 0
5 21 4 10 0
8 21 13 0 0
12 21 4 4 0
18 21 11 2 0
19 21 6 0 0
19 22 6 0 0
19 23 6 0 0
33 23 3 0 0
1 24 8 3 1
6 24 4 19 0
19 24 6 0 0
20 24 11 1 0
26 24 4 4 0
30 24 13 0 0
38 24 12 2 0
19 25 6 0 0
15 26 3 0 0
19 26 6 0 0
1 27 10 1 0
8 27 4 4 0
12 27 13 0 0
19 27 6 0 0
38 27 8 3 5
19 28 6 0 0
19 29 6 0 0
1 30 8 3 2
19 30 6 0 0
38 30 8 3 6
19 31 6 0 0
7 32 3 0 0
19 32 6 0 0
3 33 6 0 0
10 33 4 4 0
14 33 13 0 0
19 33 6 0 0
25 33 2 3 0
38 33 8 3 4
3 34 6 0 0
3 35 6 0 0
1 36 8 1 1
3 36 6 0 0
8 36 5 0 0
22 36 4 13 0
27 36 4 13 0
33 36 13 0 0
36 36 6 0 0
36 37 6 0 0
22 38 3 0 0
36 38 6 0 0
2 39 6 0 0
7 39 4 10 0
11 39 13 0 0
12 39 13 0 0
16 39 4 4 0
27 39 4 19 0
36 39 6 0 0
37 39 11 1 0
38 39 8 3 3
2 40 6 0 0
2 41 6 0 0
20 41 3 0 0
1 42 8 3 5
2 42 6 0 0
14 42 4 18 0
24 42 13 0 0
28 42 4 13 0
32 42 4 13 0
37 42 6 0 0
38 42 8 3 7
37 43 6 0 0
13 44 3 0 0
37 44 6 0 0
1 45 2 1 0
5 45 13 0 0
9 45 4 10 0
17 45 4 4 0
22 45 2 3 0
26 45 13 0 0
30 45 4 19 0
37 45 6 0 0
38 45 8 3 1
