DCLEVEL 2 40 47
structure
########################################
#.................###..................#
################.####################.##
################.####################.##
#.................####.................#
###.###################.################
###.###################.################
#.................####.................#
######.########.#################.##.###
###############.####################.###
#....~~~~~~~~.....####.................#
##.##========########################.##
##.##################################.##
#.................####....~~~~~~~~~....#
################.######.##=========#####
################.######.################
#.................####.................#
###.#######.##############.##########.##
###.#################################.##
#.................####.................#
#########.##############.###############
#########.##############.###############
#.................####.................#
###.#########################.#######.##
###.#################################.##
#.................####.................#
###########.####.######.################
################.######.################
#...~~~~~~~~~.....####.................#
##.#=========#################.######.##
##.##################################.##
#.........................~~~~~~~~~....#
###############.###.###.##=========#####
###############.###.###.################
#.................#.##.................#
###.##.############.#################.##
###.###############.#################.##
#......................#...............#
#.........~~~~~~~~........~~~~~~~~~....#
#######.##========########=========#####
#######.################################
#######.################################
#######.################################
#####..............................#####
###########.###################.########
########################################
########################################
objects 178
11 2 3 0 0
31 2 3 0 0
7 3 6 0 0
14 3 4 13 0
18 3 13 0 0
22 3 4 13 0
28 3 8 3 3
34 3 12 2 0
7 4 6 0 0
7 5 6 0 0
7 6 6 0 0
7 7 6 0 0
1 8 8 3 5
3 8 6 0 0
7 8 6 0 0
13 8 4 15 0
23 8 11 1 0
28 8 4 18 0
30 8 4 15 0
37 8 6 0 0
3 9 6 0 0
37 9 6 0 0
3 10 6 0 0
37 10 6 0 0
3 11 6 0 0
6 11 3 0 0
37 11 6 0 0
1 12 10 1 0
3 12 6 0 0
8 12 4 8 0
15 12 6 0 0
23 12 6 0 0
27 12 13 0 0
30 12 4 4 0
37 12 6 0 0
15 13 6 0 0
23 13 6 0 0
15 14 6 0 0
23 14 6 0 0
2 15 6 0 0
5 15 2 3 0
9 15 4 13 0
11 15 13 0 0
15 15 6 0 0
21 15 11 3 0
23 15 6 0 0
31 15 4 15 0
37 15 6 0 0
38 15 8 3 2
2 16 6 0 0
37 16 6 0 0
2 17 6 0 0
30 17 3 0 0
37 17 6 0 0
2 18 6 0 0
7 18 4 15 0
14 18 4 4 0
16 18 6 0 0
23 18 6 0 0
28 18 4 8 0
33 18 11 2 0
37 18 6 0 0
16 19 6 0 0
23 19 6 0 0
11 20 3 0 0
16 20 6 0 0
23 20 6 0 0
3 21 6 0 0
8 21 4 13 0
16 21 6 0 0
23 21 6 0 0
26 21 13 0 0
30 21 4 13 0
37 21 6 0 0
3 22 6 0 0
37 22 6 0 0
3 23 6 0 0
29 23 3 0 0
37 23 6 0 0
1 24 8 1 1
3 24 6 0 0
5 24 13 0 0
9 24 6 0 0
12 24 13 0 0
14 24 4 18 0
17 24 8 3 6
24 24 6 0 0
34 24 5 0 0
37 24 6 0 0
9 25 6 0 0
24 25 6 0 0
9 26 6 0 0
24 26 6 0 0
3 27 6 0 0
9 27 6 0 0
13 27 13 0 0
24 27 6 0 0
30 27 4 4 0
37 27 6 0 0
3 28 6 0 0
37 28 6 0 0
3 29 6 0 0
11 29 3 0 0
26 29 3 0 0
37 29 6 0 0
3 30 6 0 0
8 30 4 8 0
16 30 6 0 0
17 30 8 3 1
23 30 6 0 0
28 30 4 18 0
33 30 11 4 0
37 30 6 0 0
16 31 6 0 0
23 31 6 0 0
16 32 6 0 0
23 32 6 0 0
2 33 6 0 0
6 33 5 0 0
9 33 4 4 0
12 33 13 0 0
16 33 6 0 0
23 33 6 0 0
30 33 4 15 0
37 33 6 0 0
2 34 6 0 0
37 34 6 0 0
2 35 6 0 0
37 35 6 0 0
1 36 8 3 7
2 36 6 0 0
8 36 4 15 0
15 36 6 0 0
22 36 10 3 0
30 36 4 8 0
33 36 13 0 0
36 36 6 0 0
37 36 6 0 0
15 37 6 0 0
36 37 6 0 0
6 38 3 0 0
15 38 6 0 0
33 38 3 0 0
36 38 6 0 0
3 39 6 0 0
8 39 4 13 0
12 39 13 0 0
15 39 6 0 0
17 39 12 4 0
23 39 6 0 0
29 39 4 4 0
36 39 6 0 0
3 40 6 0 0
23 40 6 0 0
3 41 6 0 0
23 41 6 0 0
1 42 8 3 1
3 42 6 0 0
9 42 4 18 0
16 42 6 0 0
22 42 8 1 7
23 42 6 0 0
30 42 4 13 0
37 42 6 0 0
16 43 6 0 0
37 43 6 0 0
16 44 6 0 0
37 44 6 0 0
1 45 2 1 0
6 45 13 0 0
10 45 4 8 0
13 45 2 3 0
16 45 6 0 0
22 45 2 2 0
30 45 11 3 0
34 45 13 0 0
37 45 6 0 0
38 45 8 3 4
