DCLEVEL 2 40 47
structure
########################################
#......................................#
####.############.##################.###
#...............###............#####.###
######################.#############.###
##.....................................#
##.#####################################
##...................................###
##.################.############.###.###
##.################.################.###
##.#######...................#######.###
##.#########################.#######.###
##.#########################.#######.###
##.....................................#
######################################.#
#......................................#
#.#########.##################.#########
#.####################.................#
#.######################################
#......~~~~~~~~~~~~~~~~~~~~~~~.........#
#########===================########.###
####################################.###
####################################.###
##.....................................#
##.#####################################
##.....................................#
##################.##.################.#
###................###################.#
######################################.#
##.....................................#
##.##########.###########.##############
##........##############################
##.#####################################
##.....................................#
############.###########.##.#########.##
####.....................############.##
#####################################.##
##########################........###.##
#################################.###.##
#......................................#
#.######################.###############
#.####...............###################
#.##################.###################
#......................................#
##########.#############.#########.#####
##############.....................#####
########################################
objects 189
14 1 8 3 1
27 1 4 19 0
34 1 6 0 0
10 2 3 0 0
34 2 6 0 0
1 3 6 0 0
7 3 13 0 0
20 3 6 0 0
22 3 4 4 0
30 3 4 18 0
33 3 13 0 0
34 3 6 0 0
38 3 2 2 0
1 4 6 0 0
20 4 6 0 0
1 5 6 0 0
6 5 8 3 5
20 5 6 0 0
1 6 6 0 0
24 6 3 0 0
1 7 6 0 0
5 7 13 0 0
15 7 13 0 0
21 7 4 4 0
27 7 5 0 0
29 7 13 0 0
33 7 6 0 0
37 7 6 0 0
33 8 6 0 0
37 8 6 0 0
26 9 8 3 3
27 9 11 4 0
31 9 4 13 0
33 9 6 0 0
37 9 6 0 0
37 10 6 0 0
4 11 12 4 0
6 11 4 9 0
10 11 4 19 0
16 11 13 0 0
20 11 5 0 0
24 11 6 0 0
37 11 6 0 0
24 12 6 0 0
27 12 3 0 0
37 12 6 0 0
2 13 6 0 0
6 13 13 0 0
9 13 4 13 0
24 13 6 0 0
31 13 11 4 0
35 13 4 4 0
37 13 6 0 0
2 14 6 0 0
2 15 6 0 0
5 15 2 3 0
8 15 8 3 4
9 15 8 2 1
2 16 6 0 0
13 16 3 0 0
25 16 3 0 0
2 17 6 0 0
8 17 5 0 0
19 17 13 0 0
22 17 5 0 0
30 17 4 4 0
34 17 11 3 0
38 17 6 0 0
38 18 6 0 0
3 19 10 3 0
5 19 8 3 1
14 19 5 0 0
18 19 6 0 0
38 19 6 0 0
18 20 6 0 0
21 20 3 0 0
38 20 6 0 0
2 21 6 0 0
6 21 4 13 0
11 21 13 0 0
18 21 6 0 0
28 21 13 0 0
33 21 5 0 0
38 21 6 0 0
2 22 6 0 0
2 23 6 0 0
7 23 13 0 0
12 23 4 10 0
15 23 5 0 0
17 23 13 0 0
21 23 13 0 0
25 23 4 4 0
29 23 13 0 0
33 23 13 0 0
36 23 6 0 0
38 23 8 1 1
36 24 6 0 0
36 25 6 0 0
36 26 6 0 0
1 27 6 0 0
12 27 4 18 0
26 27 4 18 0
33 27 11 2 0
36 27 6 0 0
37 27 8 3 7
1 28 6 0 0
1 29 6 0 0
24 29 8 1 2
30 29 6 0 0
34 29 4 18 0
38 29 12 2 0
1 30 6 0 0
11 30 3 0 0
30 30 6 0 0
1 31 6 0 0
4 31 5 0 0
8 31 13 0 0
21 31 2 3 0
27 31 13 0 0
30 31 6 0 0
33 31 4 4 0
38 31 6 0 0
38 32 6 0 0
2 33 6 0 0
7 33 13 0 0
17 33 5 0 0
28 33 6 0 0
31 33 13 0 0
33 33 4 13 0
36 33 6 0 0
37 33 11 1 0
38 33 6 0 0
2 34 6 0 0
28 34 6 0 0
36 34 6 0 0
2 35 6 0 0
28 35 6 0 0
36 35 6 0 0
2 36 6 0 0
10 36 8 3 4
13 36 8 3 0
24 36 4 18 0
28 36 6 0 0
36 36 6 0 0
2 37 6 0 0
36 37 6 0 0
2 38 6 0 0
32 38 3 0 0
36 38 6 0 0
2 39 6 0 0
10 39 5 0 0
14 39 13 0 0
17 39 4 4 0
30 39 13 0 0
36 39 6 0 0
2 40 6 0 0
2 41 6 0 0
10 41 4 13 0
16 41 13 0 0
22 41 6 0 0
27 41 4 18 0
31 41 13 0 0
36 41 6 0 0
37 41 8 3 3
38 41 4 9 0
22 42 6 0 0
36 42 6 0 0
1 43 8 3 7
2 43 8 3 6
4 43 6 0 0
15 43 8 3 1
19 43 10 1 0
22 43 6 0 0
24 43 4 19 0
30 43 8 3 5
36 43 6 0 0
4 44 6 0 0
17 44 3 0 0
36 44 6 0 0
1 45 2 1 0
4 45 6 0 0
7 45 13 0 0
10 45 4 10 0
14 45 5 0 0
19 45 4 4 0
23 45 13 0 0
28 45 4 13 0
36 45 6 0 0
38 45 8 3 2
