DCLEVEL 2 40 47
structure
########################################
#........###...........................#
########.##################.############
##....................................##
######......................#######...##
##....................................##
#################################.###.##
############...........##############.##
######################.##############.##
###....................................#
###.###########################.########
###............................#########
###.####################################
###....................................#
##########.########################.####
###################################.####
##############.........................#
##############....~~~~~~~~~~~~~~~~.....#
##############.###================######
##############.#########################
##############.#########################
##.....................................#
###############.######.###############.#
##########################.............#
######################################.#
####...................................#
####.#####.#########.#####.#############
####.#########...........###############
####.###################################
####...................................#
#####################################.##
##.....................................#
##..........#########..................#
##.....................................#
##.######################.####.#########
##...................###################
##.#####################################
##.............................#########
########.######.##############.#########
##################.....................#
##############################.#########
######.................................#
#######.######.#########.###############
##...........###########################
#######.################################
######.................................#
########################################
objects 186
6 1 8 3 1
7 1 6 0 0
15 1 13 0 0
20 1 4 4 0
25 1 13 0 0
30 1 4 4 0
38 1 2 2 0
7 2 6 0 0
2 3 8 3 7
7 3 6 0 0
10 3 13 0 0
7 4 6 0 0
14 4 3 0 0
24 4 3 0 0
6 5 8 1 5
7 5 6 0 0
8 5 2 3 0
10 5 11 4 0
12 5 13 0 0
17 5 4 10 0
22 5 5 0 0
26 5 13 0 0
30 5 6 0 0
38 5 8 3 7
30 6 6 0 0
22 7 5 0 0
26 7 13 0 0
30 7 6 0 0
38 7 8 3 4
8 8 3 0 0
15 8 3 0 0
30 8 6 0 0
2 9 6 0 0
6 9 13 0 0
11 9 4 10 0
19 9 13 0 0
22 9 4 19 0
24 9 4 18 0
27 9 2 3 0
30 9 6 0 0
2 10 6 0 0
2 11 6 0 0
8 11 13 0 0
13 11 4 13 0
20 11 8 3 3
2 12 6 0 0
25 12 3 0 0
30 12 3 0 0
2 13 6 0 0
10 13 4 18 0
11 13 6 0 0
16 13 8 3 9
22 13 4 4 0
27 13 5 0 0
33 13 4 4 0
37 13 6 0 0
11 14 6 0 0
37 14 6 0 0
11 15 6 0 0
13 15 8 3 1
16 15 5 0 0
20 15 10 4 0
37 15 6 0 0
37 16 6 0 0
4 17 6 0 0
8 17 13 0 0
13 17 4 18 0
18 17 13 0 0
23 17 4 4 0
27 17 5 0 0
31 17 13 0 0
37 17 6 0 0
38 17 8 3 5
4 18 6 0 0
4 19 6 0 0
14 19 8 3 4
16 19 8 3 2
17 19 8 3 3
18 19 11 3 0
20 19 6 0 0
23 19 4 4 0
4 20 6 0 0
10 20 3 0 0
20 20 6 0 0
26 20 3 0 0
4 21 6 0 0
8 21 13 0 0
12 21 5 0 0
17 21 13 0 0
20 21 6 0 0
30 21 4 13 0
34 21 13 0 0
38 21 6 0 0
38 22 6 0 0
26 23 8 3 6
29 23 4 9 0
33 23 13 0 0
38 23 6 0 0
15 24 3 0 0
22 24 3 0 0
38 24 6 0 0
2 25 12 3 0
6 25 8 3 8
10 25 5 0 0
14 25 6 0 0
20 25 11 3 0
24 25 13 0 0
28 25 4 4 0
38 25 6 0 0
14 26 6 0 0
14 27 6 0 0
14 28 6 0 0
14 29 6 0 0
16 29 13 0 0
24 29 4 18 0
29 29 4 18 0
35 29 6 0 0
38 29 8 3 1
35 30 6 0 0
35 31 6 0 0
10 32 3 0 0
35 32 6 0 0
3 33 6 0 0
7 33 13 0 0
17 33 5 0 0
22 33 13 0 0
26 33 4 4 0
30 33 11 2 0
35 33 6 0 0
38 33 8 3 2
3 34 6 0 0
3 35 6 0 0
8 35 11 1 0
14 35 13 0 0
20 35 4 18 0
25 35 5 0 0
30 35 10 2 0
3 36 6 0 0
31 36 3 0 0
3 37 6 0 0
10 37 13 0 0
15 37 4 4 0
20 37 13 0 0
22 37 6 0 0
29 37 4 19 0
33 37 13 0 0
37 37 6 0 0
38 37 8 3 7
22 38 6 0 0
37 38 6 0 0
12 39 8 3 4
16 39 8 2 0
22 39 6 0 0
37 39 6 0 0
33 40 3 0 0
37 40 6 0 0
6 41 6 0 0
8 41 6 0 0
13 41 4 13 0
17 41 4 13 0
19 41 5 0 0
25 41 4 4 0
27 41 6 0 0
31 41 5 0 0
37 41 6 0 0
6 42 6 0 0
8 42 6 0 0
27 42 6 0 0
2 43 8 3 3
4 43 4 8 0
6 43 6 0 0
8 43 6 0 0
27 43 6 0 0
31 43 4 18 0
34 43 12 1 0
8 44 6 0 0
27 44 6 0 0
1 45 2 1 0
4 45 8 3 5
8 45 6 0 0
12 45 8 3 6
20 45 13 0 0
24 45 4 19 0
27 45 6 0 0
31 45 5 0 0
38 45 8 3 2
