DCLEVEL 2 40 47
structure
########################################
#........~~~~~~~~.....................##
#########========##################.####
###################################.####
##....................................##
####.###################################
####.####......................#########
###.......~~~~~~~~~~~~~~~~~~~~.......###
##########====================####.#####
##########====================####.#####
###...................................##
######.#####.###########################
######.#################################
###...........~~~~~~~~~...............##
##############=========#######.#########
##############################.#########
###...................................##
###.####################################
###.####################################
###.....~~~~~~~~~~~~~~~~~~~~~~~.......##
########=======================####.####
########=======================####.####
##....................................##
#####.##################################
#####.##################################
###...................................##
####################################.###
####################################.###
###...................................##
####.###############.###################
####.###############.###################
###.........................~~~~~~....##
####################.#######======#.####
########.......................####.####
###......~~~~~~~~~~...................##
######.##==========#####################
######.##==========#####################
###...................................##
##################################.#####
##################################.#####
#####................................###
#####.##########.#####.#####.###########
#####.##################################
#...#.................................##
########################################
########################################
########################################
objects 122
1 3 8 3 4
2 3 2 5 1
3 3 8 3 6
5 3 6 0 0
14 3 4 18 0
22 3 4 13 0
30 3 5 0 0
37 3 2 2 0
5 4 6 0 0
5 5 6 0 0
16 5 3 0 0
22 5 3 0 0
28 5 3 0 0
5 6 6 0 0
10 6 4 4 0
34 6 6 0 0
36 6 8 3 3
34 7 6 0 0
34 8 6 0 0
6 9 6 0 0
13 9 13 0 0
20 9 11 4 0
27 9 4 13 0
34 9 6 0 0
6 10 6 0 0
6 11 6 0 0
3 12 8 3 7
6 12 6 0 0
25 12 4 18 0
35 12 6 0 0
37 12 8 3 2
13 13 4 8 0
35 13 6 0 0
35 14 6 0 0
4 15 6 0 0
14 15 4 4 0
26 15 5 0 0
31 15 4 15 0
35 15 6 0 0
37 15 12 4 0
4 16 6 0 0
4 17 6 0 0
4 18 6 0 0
28 18 4 8 0
36 18 6 0 0
37 18 8 1 1
36 19 6 0 0
36 20 6 0 0
3 21 8 1 5
5 21 6 0 0
12 21 11 3 0
20 21 4 13 0
24 21 13 0 0
29 21 4 18 0
36 21 6 0 0
5 22 6 0 0
5 23 6 0 0
2 24 10 3 0
5 24 6 0 0
12 24 5 0 0
16 24 8 3 9
20 24 4 4 0
28 24 2 3 0
35 24 6 0 0
35 25 6 0 0
35 26 6 0 0
3 27 6 0 0
13 27 4 15 0
25 27 4 15 0
35 27 6 0 0
37 27 8 3 6
3 28 6 0 0
3 29 6 0 0
3 30 6 0 0
8 30 13 0 0
12 30 4 18 0
20 30 11 2 0
25 30 4 8 0
30 30 6 0 0
37 30 2 5 1
30 31 6 0 0
30 32 6 0 0
6 33 6 0 0
18 33 4 15 0
30 33 6 0 0
33 33 4 18 0
36 33 4 13 0
37 33 10 2 0
6 34 6 0 0
6 35 6 0 0
12 35 3 0 0
3 36 8 3 2
6 36 6 0 0
17 36 13 0 0
26 36 4 4 0
34 36 6 0 0
37 36 4 9 0
34 37 6 0 0
34 38 6 0 0
3 39 8 3 5
4 39 6 0 0
6 39 11 1 0
14 39 4 15 0
24 39 4 15 0
34 39 6 0 0
4 40 6 0 0
4 41 6 0 0
2 42 12 1 0
4 42 6 0 0
10 42 4 13 0
13 42 8 3 8
16 42 5 0 0
27 42 4 8 0
35 42 6 0 0
37 42 8 3 7
35 43 6 0 0
35 44 6 0 0
2 45 2 1 0
13 45 4 15 0
24 45 4 18 0
30 45 13 0 0
35 45 6 0 0
