DCLEVEL 2 40 47
structure
########################################
#.....................................##
####################################.###
####################################.###
###...................................##
####.###############.###################
####.###############.###################
###...................................##
####################.##############.####
####################.##############.####
###...................................##
#####.##############.###################
#####.##############.###################
###...................................##
##################################.#####
##################################.#####
###............~~~~~~~~~~~............##
####.##########===========##############
####.##########===========##############
###...................................##
####################.##############.####
####################.##############.####
##....................................##
#######.#######.########################
#######.################################
###...................................##
#################################.######
######################............######
###...................................##
#####.##############.###################
#####.##############.###################
##....................................##
#################.################.#####
##################################.#####
###...................................##
####.###################################
####.###################################
###...................................##
########################################
########################################
###..................................###
###..................................###
######.######..............#.###########
###..................................###
###..................................###
########################################
########################################
objects 138
6 2 6 0 0
12 2 4 17 0
20 2 4 22 0
25 2 4 17 0
28 2 6 0 0
6 3 6 0 0
28 3 6 0 0
6 4 6 0 0
28 4 6 0 0
4 5 2 5 1
6 5 6 0 0
28 5 6 0 0
31 5 11 5 0
33 5 8 3 1
34 5 8 3 4
35 5 10 4 0
36 5 8 1 7
4 9 6 0 0
9 9 11 3 0
12 9 4 4 0
20 9 4 13 0
24 9 5 0 0
30 9 11 4 0
33 9 4 17 0
37 9 2 2 0
4 10 6 0 0
4 11 6 0 0
3 12 12 3 0
4 12 6 0 0
8 12 13 0 0
15 12 4 4 0
22 12 5 0 0
34 12 6 0 0
37 12 8 1 1
34 13 6 0 0
17 14 3 0 0
34 14 6 0 0
2 15 8 3 6
5 15 6 0 0
8 15 5 0 0
12 15 4 13 0
20 15 6 0 0
26 15 13 0 0
30 15 4 17 0
34 15 6 0 0
5 16 6 0 0
20 16 6 0 0
5 17 6 0 0
20 17 6 0 0
5 18 6 0 0
9 18 13 0 0
16 18 2 3 0
20 18 6 0 0
26 18 4 17 0
33 18 6 0 0
37 18 4 9 0
33 19 6 0 0
33 20 6 0 0
3 21 8 3 4
7 21 6 0 0
14 21 11 2 0
18 21 13 0 0
22 21 4 4 0
27 21 4 13 0
29 21 5 0 0
33 21 6 0 0
37 21 2 5 1
7 22 6 0 0
7 23 6 0 0
15 23 3 0 0
2 24 12 2 0
4 24 4 13 0
7 24 6 0 0
9 24 4 8 0
11 24 13 0 0
20 24 6 0 0
28 24 8 3 9
35 24 6 0 0
20 25 6 0 0
35 25 6 0 0
20 26 6 0 0
35 26 6 0 0
3 27 8 3 5
4 27 6 0 0
8 27 13 0 0
12 27 11 1 0
15 27 4 17 0
20 27 6 0 0
35 27 6 0 0
4 28 6 0 0
4 29 6 0 0
4 30 6 0 0
9 30 13 0 0
17 30 4 15 0
22 30 4 15 0
30 30 5 0 0
34 30 6 0 0
37 30 8 3 2
34 31 6 0 0
34 32 6 0 0
3 33 10 1 0
5 33 6 0 0
11 33 4 13 0
25 33 5 0 0
30 33 4 13 0
34 33 6 0 0
5 34 6 0 0
5 35 6 0 0
3 36 8 3 5
5 36 6 0 0
9 36 8 3 8
13 36 4 4 0
29 36 4 17 0
35 36 6 0 0
35 37 6 0 0
35 38 6 0 0
3 39 8 3 3
4 39 6 0 0
14 39 4 17 0
27 39 13 0 0
35 39 6 0 0
37 39 8 3 7
4 40 6 0 0
4 41 6 0 0
4 42 6 0 0
12 42 5 0 0
23 42 13 0 0
26 42 4 13 0
30 42 4 8 0
36 42 6 0 0
37 42 8 3 1
36 43 6 0 0
36 44 6 0 0
2 45 2 1 0
12 45 4 17 0
28 45 4 4 0
31 45 13 0 0
36 45 6 0 0
