DCLEVEL 2 40 47
structure
########################################
#.......................~~~~~~~~......##
###.####################========####.###
###.################################.###
##................####................##
################.#####.#################
################.#####.#............####
#########.........####...~~~~~~~~~~...##
#########################==========#.###
#########################==========#.###
##....................................##
################.#######################
################.#######################
##................######################
###.####################################
###.####################################
##....................................##
##########.#########################.###
##########.#########################.###
####..~~~~~~~~~~..####..~~~~~~~~~~~...##
######==========######.#===========#####
######==========######.#===========#####
######################................##
####################################.###
####################################.###
##....................................##
###.##################.#################
###.##################.#################
##................####................##
################.#######################
################.#######################
##........~~~~~.......................##
###.######=====#####################.###
###.################################.###
##................####................##
######################.#################
######################.#################
######.........#######...~~~~~~~~.....##
########.################========###.###
########.###########################.###
##....................................##
###.#########.########.#####.###########
###.####################################
##............~~~~~~~~~...............##
##############=========#################
########################################
########################################
objects 143
3 3 6 0 0
10 3 4 13 0
18 3 4 15 0
27 3 4 13 0
32 3 5 0 0
37 3 2 2 0
3 4 6 0 0
3 5 6 0 0
13 5 3 0 0
22 5 3 0 0
28 5 3 0 0
3 6 6 0 0
8 6 6 0 0
17 6 4 8 0
31 6 4 18 0
36 6 6 0 0
8 7 6 0 0
36 7 6 0 0
8 8 6 0 0
36 8 6 0 0
6 9 8 3 5
7 9 8 1 6
8 9 6 0 0
22 9 6 0 0
29 9 4 15 0
36 9 6 0 0
37 9 8 3 6
22 10 6 0 0
22 11 6 0 0
3 12 6 0 0
9 12 4 13 0
16 12 8 1 1
17 12 10 4 0
22 12 6 0 0
25 12 13 0 0
28 12 4 4 0
36 12 6 0 0
3 13 6 0 0
36 13 6 0 0
3 14 6 0 0
36 14 6 0 0
3 15 6 0 0
8 15 13 0 0
12 15 4 15 0
16 15 6 0 0
22 15 4 13 0
30 15 11 4 0
36 15 6 0 0
16 16 6 0 0
16 17 6 0 0
2 18 8 3 4
3 18 6 0 0
9 18 4 8 0
16 18 6 0 0
22 18 6 0 0
25 18 5 0 0
30 18 4 18 0
37 18 12 3 0
3 19 6 0 0
22 19 6 0 0
3 20 6 0 0
22 20 6 0 0
3 21 6 0 0
10 21 4 4 0
14 21 5 0 0
19 21 11 3 0
22 21 6 0 0
26 21 2 3 0
31 21 4 13 0
36 21 6 0 0
36 22 6 0 0
36 23 6 0 0
22 24 6 0 0
25 24 13 0 0
28 24 13 0 0
31 24 13 0 0
34 24 4 18 0
36 24 6 0 0
37 24 8 3 3
22 25 6 0 0
22 26 6 0 0
10 27 6 0 0
13 27 4 15 0
17 27 8 3 1
22 27 6 0 0
27 27 4 15 0
32 27 4 15 0
36 27 6 0 0
10 28 6 0 0
36 28 6 0 0
10 29 6 0 0
36 29 6 0 0
3 30 6 0 0
10 30 6 0 0
12 30 4 18 0
19 30 11 2 0
27 30 4 8 0
31 30 5 0 0
36 30 6 0 0
3 31 6 0 0
3 32 6 0 0
2 33 12 2 0
3 33 6 0 0
9 33 4 13 0
16 33 6 0 0
16 34 6 0 0
16 35 6 0 0
2 36 8 3 2
10 36 13 0 0
16 36 6 0 0
20 36 11 1 0
28 36 4 4 0
36 36 6 0 0
36 37 6 0 0
36 38 6 0 0
9 39 8 3 7
10 39 4 9 0
16 39 6 0 0
22 39 6 0 0
29 39 4 15 0
36 39 6 0 0
16 40 6 0 0
22 40 6 0 0
16 41 6 0 0
22 41 6 0 0
3 42 6 0 0
8 42 5 0 0
13 42 4 18 0
16 42 6 0 0
17 42 10 1 0
22 42 6 0 0
26 42 13 0 0
30 42 4 13 0
36 42 6 0 0
3 43 6 0 0
36 43 6 0 0
3 44 6 0 0
36 44 6 0 0
2 45 2 1 0
3 45 6 0 0
12 45 4 8 0
28 45 4 15 0
36 45 6 0 0
