DCLEVEL 2 40 47
structure
########################################
#.................#....................#
###.#############.###################.##
#..............##.########.............#
#################.###################.##
#......................................#
#####################################.##
######################.................#
#####################################.##
##.....................................#
##.#####################################
##.....................................#
##.....................................#
##....~~~~~~~~~~~~...~~~~~~~~~~~~~.....#
########=========######=========######.#
####################...........#######.#
#########################.############.#
###....................................#
###.####################################
###..............#######################
###.####################################
###....................................#
###############.#####.################.#
########..............##...............#
######################################.#
##.....................................#
##.###################.###.#############
##...........###########################
##.###########.........................#
##.....................................#
######################################.#
######################.................#
######################################.#
#......................................#
#.############.#########################
#.######################################
#.#..............#######################
#.#..............#######################
#.##.###################################
#......................................#
######################################.#
##########################.............#
######################################.#
######.................................#
############.#########.########.####.###
##...................#########.........#
########################################
objects 193
2 1 8 1 7
7 1 13 0 0
12 1 6 0 0
16 1 8 3 0
31 1 6 0 0
34 1 8 3 6
38 1 8 3 4
12 2 6 0 0
22 2 3 0 0
31 2 6 0 0
6 3 2 2 0
10 3 5 0 0
12 3 6 0 0
14 3 13 0 0
18 3 4 13 0
26 3 13 0 0
31 3 6 0 0
34 3 13 0 0
38 3 6 0 0
38 4 6 0 0
26 5 8 3 1
28 5 8 3 5
31 5 2 3 0
38 5 6 0 0
38 6 6 0 0
1 7 6 0 0
4 7 6 0 0
9 7 13 0 0
13 7 4 4 0
17 7 13 0 0
21 7 5 0 0
25 7 4 18 0
29 7 13 0 0
33 7 4 4 0
38 7 6 0 0
1 8 6 0 0
4 8 6 0 0
1 9 6 0 0
4 9 6 0 0
10 9 8 3 0
16 9 8 3 1
1 10 6 0 0
1 11 6 0 0
1 12 6 0 0
14 12 3 0 0
1 13 6 0 0
6 13 13 0 0
10 13 4 10 0
18 13 13 0 0
22 13 5 0 0
26 13 13 0 0
30 13 4 19 0
34 13 13 0 0
38 13 6 0 0
38 14 6 0 0
22 15 8 3 1
28 15 5 0 0
33 15 13 0 0
38 15 6 0 0
38 16 6 0 0
2 17 6 0 0
8 17 4 4 0
15 17 5 0 0
20 17 4 4 0
27 17 5 0 0
32 17 4 4 0
36 17 11 4 0
38 17 6 0 0
2 18 6 0 0
2 19 6 0 0
8 19 13 0 0
11 19 8 3 7
12 19 8 3 3
2 20 6 0 0
22 20 3 0 0
26 20 3 0 0
2 21 6 0 0
6 21 4 18 0
10 21 13 0 0
14 21 5 0 0
18 21 13 0 0
30 21 4 4 0
34 21 13 0 0
38 21 6 0 0
38 22 6 0 0
8 23 8 3 2
13 23 13 0 0
17 23 5 0 0
21 23 6 0 0
24 23 10 4 0
27 23 4 19 0
30 23 4 13 0
34 23 13 0 0
38 23 6 0 0
15 24 3 0 0
21 24 6 0 0
38 24 6 0 0
3 25 6 0 0
7 25 13 0 0
11 25 4 18 0
17 25 8 3 9
19 25 13 0 0
21 25 6 0 0
23 25 4 4 0
27 25 13 0 0
31 25 5 0 0
38 25 6 0 0
3 26 6 0 0
3 27 6 0 0
10 27 13 0 0
16 27 8 1 1
3 28 6 0 0
3 29 6 0 0
7 29 5 0 0
11 29 13 0 0
15 29 4 4 0
19 29 13 0 0
23 29 5 0 0
25 29 6 0 0
27 29 4 19 0
31 29 13 0 0
35 29 11 3 0
38 29 6 0 0
25 30 6 0 0
38 30 6 0 0
22 31 2 3 0
25 31 6 0 0
28 31 8 3 4
30 31 8 3 5
38 31 6 0 0
38 32 6 0 0
2 33 6 0 0
12 33 4 18 0
19 33 10 3 0
27 33 4 18 0
31 33 4 18 0
35 33 4 4 0
38 33 6 0 0
2 34 6 0 0
2 35 6 0 0
2 36 6 0 0
2 37 6 0 0
7 37 13 0 0
11 37 4 13 0
15 37 13 0 0
19 37 11 2 0
24 37 8 3 8
29 37 13 0 0
33 37 4 4 0
37 37 6 0 0
37 38 6 0 0
22 39 12 2 0
26 39 4 18 0
30 39 5 0 0
37 39 6 0 0
37 40 6 0 0
1 41 10 1 0
9 41 13 0 0
13 41 4 4 0
17 41 6 0 0
20 41 11 1 0
24 41 13 0 0
28 41 4 19 0
32 41 13 0 0
37 41 6 0 0
38 41 8 3 2
17 42 6 0 0
37 42 6 0 0
1 43 8 3 7
2 43 8 3 1
3 43 6 0 0
8 43 4 18 0
14 43 8 3 6
17 43 6 0 0
26 43 8 3 3
31 43 13 0 0
37 43 6 0 0
38 43 8 2 0
3 44 6 0 0
17 44 6 0 0
37 44 6 0 0
1 45 2 1 0
3 45 6 0 0
5 45 13 0 0
9 45 4 10 0
12 45 5 0 0
15 45 13 0 0
17 45 6 0 0
20 45 8 3 6
25 45 13 0 0
30 45 5 0 0
37 45 6 0 0
38 45 8 3 0
