DCLEVEL 2 40 47
structure
########################################
#......................................#
#################.################.##.##
##########.......#################.##.##
########..........~~~~~~~~~~...........#
#########.########==========############
#########.##############################
#..............................#########
########################.####.##########
############...........######.##########
#####..........................~~~~~~..#
######.########################======###
######.#################################
#.....................................##
##################.##############.###.##
#################################.###.##
##........~~~~~~~~~~~.................##
###.######===========###################
###.######################.......#######
#......................................#
####################.##.################
####################.###################
####....~~~~~~~~~~~~~~~~~~~~~~~.....####
########=======================###.#####
##################################.#####
#......................................#
##.###.#################################
##.#####################################
#.....................................##
#########.##############.###########.###
########################.###########.###
######..~~~~~~~~~......................#
#######.=========#######################
#######.##############.......###########
#..............................#########
##########.##################.##########
#############################.##########
##########.....................~~~~~~..#
###########.#############.#####======###
###########.############################
#....................................###
#########################.#########.####
###################################.####
###....................................#
##############.##################.######
########################################
########################################
objects 137
14 2 3 0 0
33 2 3 0 0
4 3 2 2 0
20 3 4 4 0
28 3 13 0 0
35 3 6 0 0
38 3 8 3 2
35 4 6 0 0
25 5 3 0 0
35 5 6 0 0
1 6 8 1 2
8 6 13 0 0
11 6 6 0 0
15 6 5 0 0
20 6 4 18 0
30 6 4 13 0
35 6 6 0 0
11 7 6 0 0
11 8 6 0 0
25 8 3 0 0
11 9 6 0 0
20 9 13 0 0
29 9 6 0 0
35 9 4 4 0
38 9 8 3 1
29 10 6 0 0
10 11 3 0 0
29 11 6 0 0
1 12 8 3 4
7 12 6 0 0
15 12 4 4 0
20 12 13 0 0
29 12 6 0 0
7 13 6 0 0
25 13 4 8 0
7 14 6 0 0
7 15 6 0 0
20 15 11 4 0
24 15 4 4 0
28 15 13 0 0
36 15 6 0 0
38 15 8 3 6
36 16 6 0 0
9 17 3 0 0
36 17 6 0 0
2 18 6 0 0
13 18 13 0 0
14 18 13 0 0
18 18 4 18 0
36 18 6 0 0
37 18 12 4 0
2 19 6 0 0
2 20 6 0 0
6 20 3 0 0
2 21 6 0 0
10 21 5 0 0
14 21 13 0 0
20 21 2 3 0
25 21 4 13 0
30 21 11 3 0
34 21 6 0 0
37 21 8 3 5
34 22 6 0 0
34 23 6 0 0
4 24 8 3 3
12 24 4 15 0
20 24 6 0 0
26 24 4 15 0
32 24 4 18 0
34 24 6 0 0
20 25 6 0 0
20 26 6 0 0
23 26 3 0 0
3 27 6 0 0
9 27 13 0 0
10 27 13 0 0
16 27 4 4 0
20 27 6 0 0
35 27 4 13 0
38 27 10 3 0
3 28 6 0 0
29 28 4 8 0
3 29 6 0 0
3 30 6 0 0
5 30 4 18 0
15 30 4 15 0
26 30 11 2 0
37 30 6 0 0
37 31 6 0 0
18 32 3 0 0
37 32 6 0 0
2 33 12 2 0
6 33 6 0 0
12 33 5 0 0
22 33 4 4 0
35 33 8 3 2
37 33 6 0 0
6 34 6 0 0
6 35 6 0 0
6 36 6 0 0
14 36 4 18 0
24 36 11 1 0
29 36 6 0 0
34 36 4 15 0
38 36 8 1 1
29 37 6 0 0
24 38 3 0 0
29 38 6 0 0
1 39 10 1 0
4 39 4 18 0
9 39 6 0 0
15 39 13 0 0
20 39 4 4 0
29 39 6 0 0
9 40 6 0 0
9 41 6 0 0
9 42 6 0 0
22 42 4 15 0
31 42 4 13 0
34 42 6 0 0
37 42 6 0 0
38 42 8 3 7
13 43 4 8 0
34 43 6 0 0
37 43 6 0 0
17 44 3 0 0
34 44 6 0 0
37 44 6 0 0
1 45 2 1 0
7 45 13 0 0
12 45 4 8 0
24 45 4 18 0
29 45 2 3 0
34 45 6 0 0
36 45 8 3 5
37 45 6 0 0
38 45 8 3 1
