DCLEVEL 2 40 47
structure
########################################
#.........~~~~~~~...........~~~~~~.....#
##.#######=======#####.#####======######
##.#####.........#######################
#......................................#
#######################.############.###
####################################.###
###.....................~~~~~~~~~......#
#######.###.############=========#######
#######.################################
#..................................#####
#############################.##########
#############################.##########
########............~~~~~~~........#####
#########.##########=======######.######
#########.#######################.######
########...........................#####
##############.#####.###################
####################.###.......#########
##....................................##
################.###################.###
####################################.###
###......~~~~~~~~~~~~~~~~~~~~~~~......##
####.####=======================##.#####
####.###################################
#....................................###
########################.##########.####
###################################.####
##..........~~~~~~~~~..................#
###.########=========###################
###.####################################
#......................................#
#########################.############.#
######################################.#
###..............................#####.#
###..............................#####.#
###......#####..........#####....#####.#
###..~~~~~~~~~~~~~~~~~~~~~~~~~~~~....#.#
#####============================#####.#
######################################.#
########...............................#
############.#######.###################
############.###########################
#.......~~~~~~~~~.....................##
########=========#####.#################
########################################
########################################
objects 152
22 2 3 0 0
2 3 2 2 0
12 3 6 0 0
20 3 4 4 0
25 3 13 0 0
28 3 13 0 0
34 3 13 0 0
37 3 8 3 5
12 4 6 0 0
12 5 6 0 0
20 5 3 0 0
8 6 8 3 6
12 6 6 0 0
25 6 4 13 0
30 6 13 0 0
35 6 11 4 0
38 6 6 0 0
38 7 6 0 0
38 8 6 0 0
4 9 2 5 1
8 9 6 0 0
15 9 4 15 0
20 9 4 23 0
25 9 4 15 0
29 9 6 0 0
33 9 11 5 0
34 9 8 3 2
35 9 10 4 0
36 9 8 3 4
38 9 6 0 0
8 10 6 0 0
29 10 6 0 0
38 10 6 0 0
8 11 6 0 0
11 11 8 3 1
26 11 8 3 3
29 11 6 0 0
38 11 6 0 0
38 12 6 0 0
38 13 6 0 0
25 14 3 0 0
38 14 6 0 0
1 15 8 1 1
3 15 6 0 0
6 15 13 0 0
10 15 11 2 0
16 15 2 5 1
22 15 13 0 0
28 15 4 4 0
33 15 5 0 0
38 15 6 0 0
3 16 6 0 0
3 17 6 0 0
3 18 6 0 0
8 18 4 18 0
16 18 4 15 0
24 18 13 0 0
30 18 13 0 0
35 18 6 0 0
38 18 8 3 5
35 19 6 0 0
24 20 3 0 0
35 20 6 0 0
1 21 8 3 4
4 21 6 0 0
10 21 2 3 0
14 21 13 0 0
18 21 4 4 0
30 21 4 4 0
35 21 6 0 0
4 22 6 0 0
4 23 6 0 0
34 23 3 0 0
4 24 6 0 0
13 24 4 15 0
20 24 4 15 0
27 24 4 15 0
36 24 6 0 0
37 24 8 3 6
36 25 6 0 0
16 26 3 0 0
36 26 6 0 0
2 27 12 2 0
6 27 5 0 0
10 27 4 4 0
20 27 6 0 0
25 27 4 8 0
28 27 4 18 0
32 27 13 0 0
36 27 6 0 0
20 28 6 0 0
14 29 3 0 0
20 29 6 0 0
9 30 6 0 0
11 30 4 18 0
20 30 6 0 0
22 30 11 1 0
27 30 13 0 0
28 30 13 0 0
30 30 4 4 0
33 30 6 0 0
34 30 8 3 2
9 31 6 0 0
33 31 6 0 0
9 32 6 0 0
33 32 6 0 0
8 33 8 3 3
9 33 6 0 0
12 33 4 18 0
15 33 11 1 0
23 33 4 15 0
29 33 6 0 0
33 33 6 0 0
29 34 6 0 0
29 35 6 0 0
1 36 10 1 0
3 36 4 4 0
7 36 6 0 0
12 36 13 0 0
18 36 4 4 0
22 36 13 0 0
26 36 13 0 0
29 36 6 0 0
7 37 6 0 0
7 38 6 0 0
11 38 3 0 0
5 39 8 3 1
7 39 6 0 0
15 39 4 18 0
20 39 13 0 0
27 39 4 15 0
36 39 6 0 0
36 40 6 0 0
23 41 3 0 0
36 41 6 0 0
2 42 6 0 0
12 42 4 8 0
20 42 4 18 0
26 42 13 0 0
30 42 13 0 0
36 42 6 0 0
38 42 8 3 7
2 43 6 0 0
2 44 6 0 0
22 44 3 0 0
2 45 6 0 0
6 45 13 0 0
13 45 4 15 0
19 45 2 3 0
30 45 4 15 0
34 45 13 0 0
38 45 2 1 0
