DCLEVEL 2 40 47
structure
########################################
########################################
########################################
########################################
########################################
########################################
########################################
########################################
########################################
########################################
########################################
########################################
########################################
########################################
########################################
########################################
########################################
########################################
########################################
########################################
########################################
########################################
########################################
########################################
########################################
########################################
########################################
########################################
########################################
########################################
########################################
########################################
########################################
########################################
########################################
########################################
########################################
#.................####............######
#################.###############.######
#......................................#
###.#################################.##
######.................................#
#########.##############################
#..................................#####
#####################.##################
########################################
########################################
objects 26
21 2 3 0 0
1 3 8 3 0
3 3 4 3 0
9 3 6 0 0
33 3 2 2 0
9 4 6 0 0
9 5 6 0 0
30 5 4 1 0
3 6 3 0 0
1 7 8 3 5
6 7 4 1 0
17 7 6 0 0
27 7 4 7 0
30 7 4 1 0
33 7 6 0 0
35 7 8 1 0
17 8 6 0 0
33 8 6 0 0
1 9 2 1 0
9 9 5 0 0
13 9 4 7 0
17 9 6 0 0
22 9 8 3 0
24 9 4 3 0
29 9 2 3 0
33 9 6 0 0
