DCLEVEL 2 40 47
structure
########################################
#.....................................##
##############################.#.#######
##.....................................#
##############################.#########
#......................................#
######.#############################.###
########...................#########.###
##########################.#########.###
##.....................................#
#######################.##############.#
##########################.............#
######################################.#
##..........~~~~~~~~~~~~~~~~~..........#
######.#######=============#########.###
##...........###########################
######.#################################
##.....................................#
###########.###.###################.####
####################................####
###################################.####
##.....................................#
####.########.##########.###############
####.###################################
##.....................................#
##.....................................#
###########.#######.#################.##
########################...............#
#####################################.##
##.....................................#
##.##################.#####.############
##.............#########################
##.#####################################
##.....................................#
################.#############.#######.#
####################...................#
######################################.#
####...................................#
##################.#########.########.##
#####################################.##
##.................................##.##
##.................................##.##
##.................................##.##
#####################################.##
#####################################.##
##.....................................#
########################################
objects 192
2 1 8 3 4
3 1 8 3 7
8 1 13 0 0
13 1 5 0 0
18 1 13 0 0
24 1 5 0 0
30 1 13 0 0
37 1 6 0 0
38 1 8 3 1
37 2 6 0 0
37 3 6 0 0
2 4 2 5 1
16 4 4 14 0
27 4 11 5 0
29 4 8 3 1
30 4 8 3 4
31 4 8 3 3
32 4 8 3 2
34 4 9 0 0
37 4 6 0 0
37 5 6 0 0
37 6 6 0 0
37 7 6 0 0
18 8 3 0 0
28 8 3 0 0
37 8 6 0 0
4 9 2 5 1
10 9 4 4 0
14 9 13 0 0
22 9 13 0 0
26 9 4 13 0
30 9 13 0 0
34 9 4 4 0
37 9 6 0 0
38 9 6 0 0
38 10 6 0 0
20 11 8 3 6
25 11 13 0 0
30 11 5 0 0
37 11 8 3 0
38 11 6 0 0
16 12 3 0 0
30 12 3 0 0
38 12 6 0 0
2 13 6 0 0
6 13 13 0 0
10 13 4 4 0
14 13 13 0 0
18 13 5 0 0
22 13 13 0 0
26 13 4 4 0
34 13 13 0 0
38 13 6 0 0
2 14 6 0 0
2 15 6 0 0
7 15 13 0 0
10 15 8 3 5
14 15 8 3 4
2 16 6 0 0
21 16 3 0 0
27 16 3 0 0
2 17 6 0 0
5 17 5 0 0
9 17 13 0 0
13 17 4 18 0
17 17 13 0 0
25 17 13 0 0
29 17 4 19 0
33 17 13 0 0
37 17 6 0 0
37 18 6 0 0
24 19 8 3 3
28 19 8 3 2
31 19 2 3 0
37 19 6 0 0
11 20 3 0 0
19 20 3 0 0
37 20 6 0 0
4 21 6 0 0
9 21 4 13 0
13 21 4 13 0
17 21 4 4 0
21 21 4 13 0
29 21 4 4 0
33 21 5 0 0
37 21 6 0 0
4 22 6 0 0
4 23 6 0 0
4 24 6 0 0
13 24 3 0 0
24 24 3 0 0
2 25 8 3 1
4 25 6 0 0
9 25 13 0 0
17 25 4 4 0
22 25 13 0 0
27 25 4 4 0
32 25 11 4 0
35 25 6 0 0
38 25 8 3 7
35 26 6 0 0
20 27 8 1 6
24 27 13 0 0
28 27 5 0 0
35 27 6 0 0
11 28 3 0 0
15 28 3 0 0
35 28 6 0 0
2 29 8 3 0
6 29 6 0 0
9 29 11 3 0
13 29 13 0 0
17 29 4 4 0
21 29 5 0 0
25 29 4 13 0
29 29 13 0 0
33 29 2 3 0
35 29 6 0 0
38 29 12 4 0
6 30 6 0 0
2 31 8 3 3
6 31 6 0 0
10 31 13 0 0
6 32 6 0 0
36 32 3 0 0
2 33 10 3 0
6 33 6 0 0
9 33 13 0 0
16 33 4 18 0
24 33 4 18 0
31 33 13 0 0
34 33 4 4 0
38 33 6 0 0
38 34 6 0 0
26 35 8 3 5
30 35 13 0 0
34 35 5 0 0
38 35 6 0 0
23 36 3 0 0
38 36 6 0 0
2 37 12 2 0
6 37 13 0 0
13 37 13 0 0
18 37 4 13 0
26 37 6 0 0
27 37 13 0 0
31 37 4 4 0
36 37 6 0 0
37 37 11 2 0
38 37 6 0 0
26 38 6 0 0
36 38 6 0 0
8 39 8 3 0
11 39 13 0 0
14 39 8 3 2
16 39 8 3 5
20 39 5 0 0
26 39 6 0 0
36 39 6 0 0
6 40 3 0 0
36 40 6 0 0
2 41 8 3 6
9 41 13 0 0
13 41 5 0 0
18 41 13 0 0
24 41 4 18 0
30 41 6 0 0
33 41 11 1 0
36 41 6 0 0
38 41 8 3 3
30 42 6 0 0
2 43 10 1 0
3 43 8 3 1
4 43 8 3 7
10 43 4 19 0
15 43 13 0 0
20 43 4 13 0
25 43 5 0 0
30 43 6 0 0
34 43 13 0 0
38 43 8 2 0
30 44 6 0 0
32 44 3 0 0
1 45 2 1 0
8 45 4 4 0
14 45 13 0 0
18 45 5 0 0
21 45 4 4 0
26 45 13 0 0
30 45 6 0 0
34 45 4 18 0
37 45 8 3 4
