DCLEVEL 2 40 47
structure
########################################
########################################
########################################
########################################
########################################
########################################
########################################
########################################
########################################
########################################
########################################
########################################
########################################
########################################
########################################
########################################
########################################
########################################
########################################
########################################
########################################
########################################
########################################
########################################
########################################
########################################
########################################
########################################
########################################
########################################
########################################
########################################
########################################
########################################
########################################
########################################
########################################
#................######........#########
##########.#####.#############.#########
################...................#####
##################################.#####
#....................................###
######.#################################
######.#################################
######......................############
########################################
########################################
objects 33
6 2 6 0 0
10 2 4 2 0
15 2 5 0 0
22 2 8 3 5
25 2 2 3 0
27 2 2 2 0
6 3 6 0 0
6 4 6 0 0
1 5 8 3 3
3 5 4 3 0
6 5 6 0 0
11 5 4 1 0
24 5 4 5 0
36 5 8 3 7
16 7 6 0 0
18 7 8 3 8
20 7 4 1 0
22 7 4 16 0
26 7 8 3 0
28 7 4 9 0
30 7 6 0 0
33 7 8 3 2
10 8 3 0 0
16 8 6 0 0
30 8 6 0 0
1 9 2 1 0
5 9 4 5 0
11 9 5 0 0
16 9 6 0 0
23 9 8 3 1
25 9 8 1 0
26 9 4 3 0
30 9 6 0 0
