DCLEVEL 2 40 47
structure
########################################
########################################
########################################
########################################
########################################
########################################
########################################
########################################
########################################
########################################
########################################
########################################
########################################
########################################
########################################
########################################
########################################
########################################
########################################
########################################
########################################
########################################
########################################
########################################
########################################
########################################
########################################
########################################
########################################
########################################
########################################
########################################
########################################
########################################
########################################
########################################
########################################
#............########.........##########
############.################.##########
#...................................####
############################.###########
############################.###########
#............................###########
##.###############.#####################
##...............#######################
########################################
########################################
objects 26
5 2 4 5 0
11 2 11 1 0
16 2 2 2 0
18 3 3 0 0
3 4 4 6 0
10 4 10 1 0
14 4 13 0 0
1 7 8 3 0
5 7 4 5 0
12 7 6 0 0
15 7 4 10 0
20 7 13 0 0
29 7 6 0 0
33 7 4 5 0
35 7 8 3 5
12 8 6 0 0
29 8 6 0 0
1 9 2 1 0
4 9 4 5 0
8 9 5 0 0
12 9 6 0 0
21 9 8 3 1
23 9 8 1 0
24 9 2 3 0
27 9 4 5 0
29 9 6 0 0
