DCLEVEL 2 40 47
structure
########################################
########################################
########################################
########################################
########################################
########################################
########################################
########################################
########################################
########################################
########################################
########################################
########################################
########################################
########################################
########################################
########################################
########################################
########################################
########################################
########################################
########################################
########################################
########################################
########################################
########################################
########################################
########################################
########################################
########################################
########################################
########################################
########################################
########################################
########################################
########################################
########################################
########################################
########################################
###.................####################
##########.#############################
#...........................############
###########################.############
##............~~~~~~...................#
############.#======####################
########################################
########################################
objects 28
12 2 3 0 0
2 3 8 3 0
5 3 4 7 0
8 3 4 6 0
16 3 4 15 0
17 3 4 10 0
21 3 4 8 0
27 3 6 0 0
31 3 4 7 0
33 3 11 2 0
36 3 13 0 0
38 3 2 2 0
27 4 6 0 0
1 5 2 1 0
5 5 4 5 0
10 5 6 0 0
13 5 13 0 0
17 5 4 7 0
23 5 13 0 0
27 5 6 0 0
10 6 6 0 0
3 7 8 3 5
5 7 8 2 3
6 7 4 7 0
10 7 6 0 0
12 7 4 7 0
16 7 4 8 0
19 7 12 2 0
