DCLEVEL 2 40 47
structure
########################################
########################################
########################################
########################################
########################################
########################################
########################################
########################################
########################################
########################################
########################################
########################################
########################################
########################################
########################################
########################################
########################################
########################################
########################################
########################################
########################################
########################################
########################################
########################################
########################################
########################################
########################################
########################################
########################################
########################################
########################################
########################################
########################################
########################################
########################################
########################################
########################################
#...............####...........#########
###############.##############.#########
###############.##############.#########
#......~~~~~~~.......................###
#.#####=======##########################
#.######################################
#................................#######
##################.#####################
########################################
########################################
objects 34
18 2 3 0 0
4 3 4 3 0
7 3 5 0 0
11 3 4 6 0
13 3 8 3 7
15 3 4 2 0
22 3 4 3 0
25 3 4 10 0
28 3 11 3 0
32 3 2 2 0
2 6 8 3 1
3 6 10 3 0
6 6 11 1 0
10 6 4 15 0
15 6 6 0 0
19 6 4 10 0
23 6 4 6 0
26 6 13 0 0
30 6 6 0 0
34 6 4 2 0
36 6 8 3 0
15 7 6 0 0
30 7 6 0 0
15 8 6 0 0
30 8 6 0 0
1 9 2 1 0
4 9 4 3 0
8 9 4 2 0
12 9 10 1 0
15 9 6 0 0
20 9 2 3 0
23 9 8 1 2
27 9 4 3 0
30 9 6 0 0
