DCLEVEL 2 40 47
structure
########################################
########################################
########################################
########################################
########################################
########################################
########################################
########################################
########################################
########################################
########################################
########################################
########################################
########################################
########################################
########################################
########################################
########################################
########################################
########################################
########################################
########################################
########################################
########################################
########################################
########################################
########################################
########################################
########################################
########################################
########################################
########################################
########################################
########################################
########################################
########################################
########################################
#..................##########........###
##################.#################.###
##################.#################.###
#....................................###
############.#########.#################
############.#########.#################
#########.....................##########
################.#######################
########################################
########################################
objects 31
16 2 3 0 0
9 3 8 3 1
12 3 6 0 0
23 3 4 6 0
26 3 4 8 0
29 3 10 1 0
12 4 6 0 0
12 5 6 0 0
1 6 8 2 0
3 6 12 2 0
6 6 11 1 0
12 6 6 0 0
15 6 4 10 0
18 6 6 0 0
25 6 4 8 0
29 6 11 2 0
33 6 2 2 0
36 6 6 0 0
18 7 6 0 0
36 7 6 0 0
18 8 6 0 0
36 8 6 0 0
1 9 2 1 0
4 9 4 7 0
9 9 13 0 0
13 9 4 8 0
18 9 6 0 0
29 9 8 3 5
32 9 4 7 0
35 9 2 3 0
36 9 6 0 0
